35.9809 14.7729 1
37.0235 18.4548 1
25.4524 20.9244 1
25.2149 20.7823 1
28.3299 14.5980 1
36.3495 20.7602 1
28.4454 15.7814 1
34.6958 20.9239 1
26.0374 17.1070 1
27.1619 17.6757 1
34.9528 20.8482 1
28.4101 15.9183 1
23.6878 18.7472 1
26.6260 16.3787 1
24.0280 17.4899 1
33.7340 17.1615 1
31.7255 16.5998 1
28.1615 16.1366 1
34.7948 18.2695 1
34.5622 19.3793 1
36.2884 18.4551 1
26.1695 16.8195 1
27.8504 15.1110 1
26.2090 14.2081 1
26.8474 16.3488 1
26.0264 21.8923 1
35.8194 18.4811 1
30.7688 15.0180 1
35.4806 21.4238 1
26.8635 17.3443 1
33.1575 15.0997 1
31.9627 17.0414 1
35.1292 16.9171 1
24.5315 17.9155 1
34.0199 18.5388 1
31.7554 15.7705 1
33.0537 19.9097 1
29.3270 15.7027 1
26.7419 19.5461 1
32.5908 14.9933 1
29.0247 13.0043 1
25.6312 17.3330 1
25.7354 16.8423 1
32.5758 13.8225 1
29.1532 13.6492 1
31.0788 17.7837 1
31.5926 15.7250 1
24.7841 21.2918 1
35.5862 17.3131 1
31.9151 14.6752 1
26.0219 24.5604 1
27.5133 18.2247 1
25.4913 22.3503 1
32.6832 14.7572 1
34.5856 16.5813 1
28.8027 15.2840 1
34.7720 22.3992 1
35.9777 17.6364 1
26.7160 15.2250 1
24.4554 19.7729 1
36.4235 20.4521 1
32.5837 15.0835 1
27.0883 18.0886 1
24.4822 16.6491 1
33.3335 15.7699 1
24.1711 16.8913 1
31.0143 16.1652 1
37.3735 17.5758 1
31.8678 15.7462 1
34.8709 21.5850 1
27.5873 15.2498 1
24.3114 20.7850 1
26.7704 21.9404 1
33.0858 14.8650 1
30.8908 15.6777 1
31.6620 17.4751 1
33.2518 20.3654 1
23.5669 18.5183 1
27.9908 13.6372 1
28.1283 16.1291 1
25.3699 18.8833 1
25.6890 22.7464 1
33.1078 15.0026 1
34.8300 17.0315 1
26.5338 22.0534 1
28.7764 13.7997 1
25.8820 19.0599 1
35.8478 20.8433 1
26.5144 18.8884 1
28.7196 14.5450 1
33.9483 17.2460 1
29.2429 15.7399 1
28.9585 16.8413 1
25.3024 16.2741 1
34.5328 14.9418 1
25.5758 18.0807 1
33.3376 14.5099 1
29.8020 15.7193 1
35.1537 20.6363 1
30.6956 13.4388 1
25.5973 18.4539 1
24.5625 20.0565 1
35.2677 20.1825 1
26.6902 18.9890 1
31.5491 14.9325 1
25.7987 22.5595 1
34.7602 14.1737 1
33.1037 16.7760 1
24.9990 16.6001 1
27.9911 15.3016 1
24.8127 24.1316 1
32.5551 16.9696 1
30.7531 15.1104 1
35.8372 17.9350 1
25.1062 19.9635 1
25.5330 20.2836 1
34.2354 14.2728 1
25.8763 21.7813 1
30.9834 15.9699 1
33.0149 15.0239 1
29.6055 14.7128 1
29.4728 16.6646 1
34.8025 15.7337 1
35.0671 21.1533 1
36.7314 20.5968 1
25.6194 17.7433 1
29.0505 16.6900 1
33.3151 15.6122 1
31.1690 13.2648 1
26.9776 20.3730 1
38.1865 20.6625 1
31.9510 18.4110 1
28.0355 14.8609 1
30.1746 15.5726 1
32.6492 15.6885 1
29.0498 17.1722 1
24.8406 17.1041 1
26.1650 21.6424 1
26.0320 14.7940 1
27.5541 15.9566 1
32.5185 15.5634 1
25.9662 15.9391 1
26.5081 21.9219 1
24.8086 18.8859 1
29.6623 16.2820 1
32.0046 17.2892 1
32.7654 16.4317 1
34.8358 16.7919 1
35.7641 21.1984 1
38.8980 19.7034 1
25.4986 18.7372 1
25.5044 17.0103 1
28.3198 16.1725 1
24.8876 17.7617 1
25.8269 16.6074 1
25.4909 16.3964 1
27.0964 20.6146 1
23.3281 20.7465 1
37.3383 19.8469 1
24.1776 19.9767 1
30.1305 15.1557 1
37.4243 19.5680 1
27.7666 15.2176 1
26.8270 18.5338 1
36.8744 21.4068 1
31.3218 22.7314 1
21.8532 20.5273 1
26.0469 18.0001 1
26.5269 16.1002 1
28.3849 16.7815 1
33.3596 15.6214 1
27.4738 18.5016 1
25.4975 15.2583 1
33.8558 16.1810 1
32.1876 16.9346 1
26.5128 17.7789 1
35.1096 15.7584 1
31.9219 14.7001 1
25.1377 21.7369 1
27.1501 20.5900 1
31.9809 24.3930 1
26.4859 16.3641 1
31.5007 17.1029 1
33.9912 18.5189 1
33.0520 18.2860 1
29.2997 16.0393 1
35.7479 17.1737 1
33.8518 14.6949 1
24.4305 17.0004 1
25.8340 17.7479 1
26.5249 18.3700 1
27.8429 15.5427 1
27.8727 13.8533 1
28.2894 16.3943 1
27.6367 16.5760 1
35.9094 17.5956 1
35.8655 19.8277 1
27.7576 16.2322 1
26.3160 18.5009 1
26.0028 21.2592 1
32.9196 18.6577 1
29.4059 14.4653 1
28.5300 16.3319 1
26.8471 15.7849 1
35.8153 21.1502 1
32.2875 16.1263 1
26.9569 14.4128 1
28.4961 15.3914 1
29.4945 13.7047 1
31.7636 19.3283 1
26.1174 20.3839 1
25.3000 21.7958 1
29.2126 16.4954 1
30.4036 15.6291 1
27.1590 16.0184 1
28.0148 18.6711 1
34.3149 15.9528 1
26.1401 16.8435 1
36.2293 17.1704 1
33.8064 16.4787 1
35.0877 16.3390 1
32.2396 13.5549 1
24.0621 18.7306 1
26.6667 18.7307 1
27.2573 12.8315 1
32.4330 18.1610 1
26.8918 21.9513 1
29.3211 16.0224 1
28.6094 16.2795 1
32.6293 15.9227 1
28.2208 14.4690 1
27.0406 16.2827 1
26.7265 14.8717 1
35.1176 18.8631 1
27.6264 17.9607 1
32.3131 15.6095 1
32.9290 14.6588 1
28.2513 17.7214 1
28.5635 15.4226 1
33.4310 22.7209 1
33.9006 16.7487 1
29.6165 13.3652 1
33.8518 18.5690 1
28.0242 15.7159 1
24.9288 18.3516 1
34.5158 16.2304 1
28.4892 21.8665 1
33.4625 15.9218 1
26.6971 14.4956 1
28.5537 12.5839 1
28.5184 13.3972 1
24.9516 16.3200 1
36.6414 18.4438 1
37.6499 18.5020 1
27.4689 17.7599 1
28.6999 16.0812 1
35.2478 15.7865 1
28.0473 16.7589 1
35.4605 19.4439 1
34.8790 18.4871 1
34.2643 17.8124 1
26.1157 21.1925 1
31.2643 15.0403 1
33.6555 16.2302 1
25.8055 18.7256 1
35.2676 18.7163 1
31.1547 16.5423 1
34.2684 22.0950 1
24.0574 19.4957 1
26.4303 20.8283 1
27.3292 21.7862 1
33.1625 14.3039 1
33.5847 15.9703 1
24.4450 22.1023 1
26.0628 16.7509 1
28.4189 15.7560 1
32.5026 17.9723 1
34.8119 22.5250 1
26.7372 16.8691 1
34.5307 21.6207 1
33.2901 18.6629 1
28.2292 13.2260 1
30.5132 14.8905 1
34.8289 16.7480 1
33.4238 16.6477 1
32.1063 14.7344 1
27.7842 17.2322 1
25.5694 16.6786 1
33.5625 13.1007 1
27.1326 15.9648 1
33.8219 19.4921 1
25.8339 22.1571 1
24.1662 21.8334 1
27.2771 13.2240 1
34.7204 16.9118 1
34.8160 20.1605 1
34.3957 21.9085 1
31.9820 13.5531 1
36.1719 19.0193 1
34.1645 19.1108 1
25.3589 17.1892 1
26.1138 20.0624 1
23.5648 17.4217 1
27.3728 17.5577 1
32.4767 17.5944 1
27.9717 17.9049 1
32.7657 15.1514 1
22.9522 18.9750 1
26.7293 15.9423 1
26.9581 20.1974 1
32.1134 17.1687 1
32.1008 16.6924 1
28.7809 13.1166 1
26.9486 15.4064 1
31.0203 13.9518 1
26.7920 21.0046 1
34.5918 20.2855 1
24.3884 22.7587 1
33.1460 17.7627 1
35.8917 22.9224 1
34.9321 18.7170 1
27.3485 15.8675 1
35.2695 17.7994 1
26.5453 15.7693 1
37.3954 16.9137 1
34.2867 17.2565 1
29.3560 15.4534 1
26.4729 22.4339 1
25.9485 16.7550 1
36.1404 17.8270 1
33.1386 20.2723 1
35.4607 18.2821 1
26.9801 16.6607 1
28.2983 15.4660 1
30.9153 16.1446 1
25.2005 22.1333 1
28.6266 12.6439 1
34.5718 17.8982 1
26.0010 19.8806 1
25.6773 16.6236 1
36.9113 19.9776 1
33.7619 18.3716 1
30.6403 17.4134 1
22.6528 20.7834 1
29.9501 14.3670 1
23.7474 24.0039 1
28.1133 15.3912 1
23.8139 16.1048 1
30.9182 15.1380 1
35.2477 20.4126 1
31.5925 17.0495 1
24.8694 21.0848 1
27.1436 19.1926 1
25.6425 17.4090 1
24.2981 20.5388 1
36.2546 21.5943 1
26.7960 18.2355 1
25.0429 16.1436 1
33.5636 15.3657 1
36.3528 17.6236 1
29.8874 15.3714 1
32.7634 15.7379 1
22.9570 19.9745 1
29.3500 14.7212 1
25.7048 14.7975 1
32.0290 15.9586 1
36.3937 21.1190 1
25.5216 19.2031 1
35.2895 16.6920 1
29.2647 16.7210 1
35.5717 18.4623 1
29.6035 17.8419 1
22.6700 20.7017 1
27.9057 18.0766 1
34.5140 15.0859 1
36.8560 19.2974 1
34.4875 22.7482 1
27.6527 19.9506 1
36.0768 17.0798 1
26.4187 17.8844 1
27.4158 13.4730 1
34.4993 18.6020 1
25.1010 19.5715 1
30.0699 17.5388 1
21.8724 18.4190 1
35.8379 13.6924 1
31.5302 15.0527 1
28.2314 15.0014 1
31.5531 14.1739 1
31.8078 15.9159 1
25.6364 19.4109 1
37.1005 19.5235 1
27.9764 19.2077 1
26.4181 16.8923 1
34.7643 20.0176 1
28.7884 15.7502 1
32.4633 13.5281 1
28.6174 16.3858 1
32.6174 16.4501 1
31.7942 13.2990 1
30.4783 15.3172 1
35.5207 17.8086 1
34.6891 17.2020 1
26.3061 20.6735 1
32.4421 15.3737 1
30.3970 12.4445 1
30.6044 12.9920 1
36.1390 18.6785 1
25.1714 21.5774 1
33.7290 21.2240 1
25.2308 16.7081 1
35.6632 19.7334 1
29.5088 16.8996 1
32.2877 17.5131 1
36.7903 17.0013 1
30.5479 14.1005 1
29.5743 13.9501 1
25.9749 15.3561 1
27.8146 18.9776 1
30.7726 15.1914 1
28.0437 16.4913 1
24.6381 18.4762 1
32.8403 14.0367 1
34.9713 20.0764 1
28.9352 16.4441 1
34.6552 14.1274 1
24.6093 19.1276 1
26.5460 20.0772 1
29.8462 16.1498 1
36.4835 17.5164 1
32.2711 17.2887 1
32.0841 17.0766 1
27.4577 17.4281 1
37.0253 23.2202 1
35.5335 23.3314 1
25.4884 19.6019 1
26.7140 20.4853 1
27.1286 17.6953 1
33.5912 16.1027 1
34.1620 21.4834 1
35.3562 20.8948 1
27.4259 16.3551 1
27.5312 16.9671 1
24.5833 21.3463 1
32.4963 14.2680 1
30.2952 14.4682 1
31.5569 15.6151 1
25.0165 16.0476 1
26.0525 18.3122 1
26.9387 17.0205 1
32.1015 18.7422 1
31.9036 17.0782 1
32.9086 15.8957 1
34.1518 18.1945 1
30.4333 14.7093 1
29.4155 14.2612 1
30.7179 17.0410 1
31.9253 17.6911 1
26.1315 18.4661 1
33.3300 17.3409 1
37.0877 18.6608 1
25.9454 21.3773 1
30.5224 13.7015 1
34.6277 22.2085 1
29.6623 14.5744 1
33.7373 15.4416 1
35.2917 16.8151 1
34.1206 15.7374 1
27.7535 15.8869 1
30.6522 15.8486 1
26.4189 22.2242 1
27.6740 14.5675 1
34.6589 16.7179 1
26.3923 15.7146 1
35.4180 19.1836 1
25.7843 18.8460 1
25.2491 23.1706 1
28.5740 14.5194 1
30.6779 16.2259 1
23.7656 18.3196 1
31.1283 18.4424 1
32.3564 16.4087 1
34.2586 18.4560 1
32.1211 18.1229 1
30.4830 16.2991 1
34.4124 21.7462 1
26.4444 16.3859 1
27.5057 21.7045 1
34.0663 18.7915 1
27.9957 15.9753 1
25.5415 19.6158 1
31.0242 13.4440 1
36.2765 18.3477 1
26.5451 19.0639 1
25.7684 23.9572 1
26.2457 16.5988 1
33.9676 18.0844 1
25.7798 16.7161 1
33.3749 17.3461 1
25.7474 19.5931 1
34.7716 24.6087 1
39.0293 28.5984 1
41.6703 32.5352 1
39.5863 26.8247 1
43.3559 28.5027 1
36.6887 24.0182 1
38.2006 25.7677 1
38.4783 27.3506 1
38.0203 23.7417 1
43.0082 32.4533 1
41.0870 29.5815 1
38.3504 26.1840 1
37.9366 26.6903 1
36.2187 25.0983 1
39.0738 28.6128 1
40.5738 27.9631 1
38.0282 24.7367 1
41.4206 29.0323 1
42.7050 27.5453 1
37.1613 26.6140 1
38.1655 26.8284 1
41.5253 30.6466 1
40.1637 26.4792 1
37.4783 22.7958 1
41.4615 30.2177 1
40.0942 29.3048 1
35.2422 25.1941 1
36.3813 24.5694 1
43.5700 29.9250 1
35.5959 19.8248 1
38.0413 26.8907 1
37.4606 24.8441 1
43.7543 32.5444 1
35.7211 28.0504 1
36.9939 27.1185 1
46.1413 29.6576 1
37.4533 28.9250 1
42.5323 30.6890 1
36.4556 22.8567 1
40.2228 29.1494 1
36.9466 23.1109 1
35.8301 25.2884 1
41.0684 27.6793 1
42.5473 27.7536 1
36.5530 22.3287 1
44.6463 29.9273 1
35.0296 25.0680 1
43.8158 31.0856 1
42.2554 30.2178 1
37.9688 23.3154 1
36.0459 24.6382 1
35.1118 27.6654 1
44.3241 29.8302 1
36.0736 27.6738 1
40.8469 30.3603 1
41.6055 29.2192 1
42.5740 30.4108 1
36.3198 29.9475 1
44.2037 29.6970 1
45.0098 31.4185 1
40.9561 28.3091 1
37.5931 23.8364 1
39.4016 29.0962 1
36.8447 26.6406 1
38.2732 25.7015 1
39.0216 29.4449 1
38.0031 29.5757 1
41.2811 28.2645 1
38.8990 27.7390 1
36.1379 24.4535 1
41.0705 29.3403 1
38.8263 30.4033 1
35.0476 25.1411 1
35.3968 30.2806 1
36.8754 24.9820 1
36.8156 25.1856 1
41.8381 30.3211 1
46.9106 28.6465 1
36.4978 23.3328 1
43.0818 29.3945 1
39.0795 29.2131 1
41.9458 28.8719 1
38.8104 28.3411 1
44.0061 32.7362 1
33.5609 21.4028 1
37.3119 24.7832 1
40.4558 28.7953 1
44.1168 30.2835 1
37.2152 28.5197 1
41.4081 27.8793 1
38.2967 25.8876 1
38.5849 26.8764 1
41.9497 28.4909 1
36.2064 24.6051 1
38.8289 28.3734 1
36.6976 21.3922 1
40.1555 30.6408 1
38.8474 30.3896 1
34.4497 22.8555 1
39.2597 25.0055 1
34.4745 25.8597 1
36.7840 29.4212 1
40.3684 29.3753 1
39.0023 29.2526 1
44.1230 29.2840 1
36.4556 27.9773 1
34.5615 24.0364 1
37.3138 23.6211 1
40.3321 28.4641 1
38.4855 28.6412 1
37.5827 27.7073 1
43.4478 29.1948 1
37.3711 25.1557 1
46.5964 30.1049 1
38.6982 28.4559 1
40.4689 32.1267 1
41.6269 29.4628 1
37.3738 23.4740 1
39.0645 30.5629 1
35.1902 22.6626 1
37.0689 27.4442 1
37.6311 29.1480 1
43.9275 30.1678 1
39.6441 26.3607 1
37.4744 27.8960 1
36.4694 27.6856 1
45.3092 30.0175 1
40.4827 28.9415 1
36.2550 21.8983 1
37.3244 29.9367 1
35.6145 22.5914 1
42.7500 28.9629 1
36.2178 28.1462 1
35.3741 22.1946 1
41.5367 27.6074 1
40.2196 30.5168 1
36.4251 23.4895 1
35.5396 24.6595 1
41.0849 29.5986 1
39.1579 27.9713 1
45.5622 30.1071 1
40.7069 27.1563 1
37.6193 23.1459 1
40.2068 26.8288 1
38.1573 28.7048 1
35.6386 22.3341 1
43.2668 29.5839 1
36.2106 26.8966 1
34.9701 26.4929 1
38.8423 26.9781 1
35.4346 26.1589 1
36.4810 25.7746 1
41.9686 31.5032 1
38.3482 30.5005 1
43.9063 29.9433 1
39.7897 27.3341 1
34.0082 27.7944 1
43.8805 28.1378 1
36.3583 21.5906 1
39.6389 28.2266 1
35.1629 22.6508 1
37.9061 22.0332 1
43.0552 29.8221 1
41.8617 32.5403 1
41.6844 29.4901 1
37.1924 23.7472 1
38.2461 22.2993 1
36.3625 27.0961 1
42.7672 31.0416 1
35.2916 23.0209 1
36.7472 27.3764 1
40.1015 27.7561 1
39.2809 26.4192 1
41.3751 30.6813 1
41.2037 30.6274 1
35.7629 23.7154 1
40.9809 28.4122 1
35.7902 22.5799 1
42.0233 28.6952 1
37.6633 23.0942 1
41.7385 29.0366 1
41.0573 30.2216 1
40.9657 28.8987 1
40.7313 27.0174 1
34.4372 26.1072 1
44.7938 30.7021 1
37.3077 27.0085 1
38.5076 27.0362 1
38.1095 23.5351 1
35.8536 23.1728 1
41.1195 27.3391 1
40.3581 30.9223 1
42.1829 27.7374 1
35.5743 23.3743 1
44.7724 30.6903 1
37.4121 27.3097 1
43.2066 29.5266 1
45.0017 31.6497 1
42.1680 29.0067 1
43.4784 29.0840 1
43.3367 27.8748 1
34.4994 22.3519 1
43.7792 29.3490 1
37.3394 25.5756 1
37.7871 26.2326 1
35.3382 22.9801 1
42.1032 31.1942 1
36.7907 26.6628 1
39.7239 27.4192 1
42.7252 29.6467 1
37.0749 24.6628 1
38.1147 28.5574 1
36.9606 22.2095 1
38.6051 27.6735 1
41.9638 28.2518 1
33.2952 26.5625 1
34.6407 23.7666 1
40.1934 28.8463 1
36.8869 20.6691 1
40.1017 27.2659 1
34.8504 21.6725 1
40.0798 27.5335 1
38.0745 29.4964 1
37.6820 27.7248 1
37.7608 24.5179 1
38.1593 26.3380 1
37.7019 28.7582 1
40.9249 28.5810 1
35.4082 30.0002 1
35.3232 24.2123 1
37.6126 21.0460 1
38.9937 26.4434 1
36.3404 22.4163 1
37.6774 23.3812 1
39.5554 30.0553 1
41.5916 30.4271 1
35.2644 23.8906 1
38.9511 24.3225 1
38.8341 27.6050 1
42.5306 31.8634 1
35.4241 23.7979 1
44.4057 29.2798 1
39.1189 25.2834 1
41.7439 29.4897 1
35.7880 28.7541 1
41.7541 28.5402 1
41.8645 29.6442 1
43.0196 28.5410 1
39.9790 27.1605 1
43.5869 32.9460 1
40.5074 27.8261 1
37.7106 24.7271 1
38.1888 27.6036 1
36.2720 23.2682 1
44.1122 29.2245 1
37.3706 26.2986 1
42.3469 29.6001 1
38.6279 29.6441 1
36.9544 26.1948 1
41.6009 31.5362 1
38.2495 26.6525 1
39.2744 29.6600 1
42.5853 29.1743 1
35.8734 23.1465 1
39.4280 29.1594 1
36.5973 23.2413 1
37.4545 24.8341 1
35.1770 23.3163 1
37.7665 25.6423 1
36.5935 22.3853 1
44.2240 30.3354 1
36.5995 24.2612 1
41.2387 30.1040 1
42.6457 29.9693 1
45.8543 31.1467 1
38.8839 26.2319 1
38.5868 27.9221 1
36.7544 25.0157 1
44.4100 30.3024 1
37.8638 22.1693 1
42.5637 26.8519 1
39.9549 27.3091 1
36.9395 27.3582 1
41.0686 31.4044 1
35.9409 22.9471 1
41.5861 26.6113 1
39.2074 26.2042 1
43.6905 31.3177 1
40.9087 29.0752 1
37.2885 25.7858 1
42.4004 30.6974 1
36.6704 22.1150 1
39.3637 32.7722 1
37.4699 25.8475 1
34.5260 22.8681 1
43.6698 28.8873 1
35.8663 21.9228 1
35.6944 25.9691 1
45.0394 29.8513 1
37.3770 21.0587 1
42.1238 31.6741 1
35.9051 25.3915 1
37.8734 24.5527 1
37.7249 23.7278 1
39.5009 29.6328 1
45.2948 31.9531 1
43.9217 29.0332 1
37.0147 29.9830 1
38.9660 28.3212 1
39.8160 30.1088 1
37.3900 26.1154 1
41.1214 30.2755 1
34.7260 24.2168 1
40.0389 30.3384 1
33.8415 25.5678 1
42.1265 27.1812 1
42.4888 29.7206 1
42.0169 28.2722 1
40.9999 28.9687 1
39.7754 27.3863 1
34.8009 25.2829 1
37.4158 27.5456 1
36.6659 30.3824 1
41.0156 30.4250 1
41.4326 32.4120 1
36.8207 22.4449 1
42.6440 30.3455 1
35.8033 24.6123 1
43.0921 30.8262 1
40.2343 30.8714 1
44.1539 28.7282 1
36.3976 25.1969 1
40.3140 29.7705 1
36.0644 25.9800 1
43.8225 30.4033 1
43.5827 32.4951 1
46.6767 27.6573 1
33.9369 27.2635 1
40.1399 27.3406 1
36.6413 22.1234 1
44.1538 28.1248 1
40.1730 30.8040 1
38.7923 26.5685 1
36.1053 28.4536 1
37.0100 22.9915 1
44.0321 32.1542 1
41.1330 29.7190 1
43.3393 29.8262 1
38.0950 28.9229 1
39.1017 29.1654 1
41.7746 29.0204 1
38.5094 25.4472 1
35.5418 26.7535 1
41.5711 31.2623 1
40.6598 29.5519 1
39.3082 24.3239 1
40.2904 29.0207 1
39.7499 28.4375 1
34.6562 22.6306 1
34.9140 24.1770 1
37.3931 24.1107 1
40.2867 25.9540 1
37.7270 30.3559 1
37.4857 30.0166 1
37.7698 23.0132 1
41.9186 32.3390 1
41.1991 28.3054 1
36.2196 24.2140 1
43.5054 28.9981 1
36.7963 26.9464 1
37.1445 23.2636 1
38.0441 18.6568 1
35.9312 26.0539 1
39.7071 30.6875 1
36.9377 25.3958 1
38.2813 29.9001 1
43.6210 28.3921 1
36.1088 28.1644 1
38.1035 27.0608 1
33.8437 22.0310 1
42.1633 28.0771 1
35.5933 20.2916 1
35.5856 21.8508 1
38.7127 27.3946 1
38.7706 27.0366 1
36.3729 29.0277 1
36.4585 23.9324 1
37.2945 24.3840 1
37.3525 28.6210 1
40.5385 32.5737 1
35.7123 25.2765 1
38.8377 28.5870 1
39.9493 29.3112 1
38.2547 28.7525 1
38.8318 25.5243 1
36.7445 29.6203 1
39.3622 27.6376 1
35.4887 23.3878 1
35.9448 28.0538 1
37.0871 27.9141 1
41.1486 29.2867 1
44.3771 31.6074 1
40.8593 31.6793 1
38.7148 27.8333 1
38.1416 23.4347 1
36.7547 22.6598 1
42.1775 30.3938 1
36.9398 24.0768 1
37.7928 28.2376 1
42.4459 27.8694 1
43.6475 28.9105 1
40.8282 30.0974 1
43.3365 28.7537 1
41.8200 28.6947 1
36.5545 20.9100 1
37.7017 27.2665 1
37.2155 24.6985 1
39.9115 24.9867 1
37.2898 26.5513 1
42.2229 31.5732 1
40.4303 26.4872 1
38.5399 23.7426 1
40.2865 28.7658 1
42.1624 28.9227 1
44.4830 28.6663 1
36.0260 23.0578 1
36.8783 24.2908 1
35.2938 25.3918 1
38.3579 28.8012 1
37.8698 25.2147 1
41.6068 30.1816 1
37.7173 27.7340 1
43.6980 27.3350 1
37.0440 24.4254 1
41.0925 28.9692 1
38.1663 25.2472 1
40.8108 30.2192 1
41.1062 31.3402 1
38.4893 27.6037 1
44.7557 30.7652 1
44.2682 27.2958 1
38.1045 22.6087 1
34.2215 24.8698 1
40.8139 26.3624 1
35.8784 23.7406 1
35.1003 24.5120 1
36.0431 24.3261 1
35.8323 24.9955 1
35.4949 22.3577 1
39.2405 27.4851 1
40.2055 30.1748 1
43.3598 30.1412 1
37.7455 30.4949 1
36.3463 24.3714 1
41.5267 29.6262 1
37.1889 24.8990 1
38.3492 21.1424 1
44.3704 27.5132 1
44.6399 28.2617 1
37.7412 28.2643 1
38.6952 28.2480 1
36.4673 25.5576 1
39.7807 29.5875 1
34.8617 23.0820 1
36.5504 23.0362 1
34.1271 25.4334 1
37.2771 26.3594 1
42.1681 31.3316 1
43.7187 31.6819 1
39.2018 28.1452 1
34.9350 22.0020 1
38.3093 26.3597 1
36.8728 22.6751 1
44.5576 27.9563 1
38.5543 32.1457 1
39.3906 27.6981 1
37.4944 28.9903 1
37.3325 26.1377 1
37.2857 23.5188 1
34.3500 23.8678 1
45.2133 25.7755 1
37.6518 26.9724 1
41.0153 31.8084 1
37.6575 27.8531 1
45.6112 30.1851 1
37.8699 25.2130 1
43.5022 30.2799 1
40.6952 28.9896 1
40.4884 29.2574 1
36.4464 24.2355 1
41.4288 28.3218 1
35.5765 23.5841 1
34.9894 21.5290 1
36.2706 27.7203 1
42.8190 29.8787 1
37.6196 21.0395 1
42.1060 30.2488 1
41.1756 30.8441 1
37.2256 22.5043 1
37.1119 26.9852 1
20.0243 18.3700 2
31.1593 18.0970 2
26.8415 22.8187 2
21.7824 25.6477 2
25.6897 25.3489 2
27.5228 18.5975 2
26.8607 24.5569 2
27.4824 24.3011 2
22.5420 25.5600 2
29.8979 21.4123 2
19.5848 21.0448 2
18.5031 22.2879 2
19.3768 20.6877 2
21.9906 26.2903 2
28.3894 25.0848 2
31.7526 23.7616 2
28.2997 21.5429 2
30.1838 19.2629 2
20.2642 18.8929 2
23.8943 27.8185 2
20.3384 21.2235 2
22.1574 22.6922 2
28.7667 23.1961 2
19.4369 18.0069 2
22.7543 22.6708 2
24.1997 25.6034 2
28.3907 22.2285 2
26.5687 26.9093 2
20.6676 22.7614 2
25.2461 26.2428 2
19.7138 21.1333 2
18.0035 22.2405 2
23.6781 23.1907 2
29.5715 20.1601 2
26.9611 24.6054 2
21.6576 18.2372 2
30.4090 24.2375 2
28.6614 20.5248 2
30.0407 23.3562 2
21.5364 22.0561 2
30.1724 18.5288 2
19.4383 18.1105 2
19.5117 20.2838 2
19.6212 23.1046 2
19.6489 24.6952 2
21.4990 19.8663 2
22.1487 24.3881 2
19.1259 20.6172 2
30.0544 20.5409 2
20.9809 23.5369 2
27.1123 24.1643 2
19.8719 19.8631 2
23.6597 23.3374 2
24.4349 22.2255 2
29.0584 21.5263 2
30.6183 22.0073 2
28.0179 22.0140 2
29.5754 23.5106 2
29.0807 21.9189 2
23.2459 22.9673 2
30.7637 20.3255 2
29.3502 22.1308 2
24.4442 24.9241 2
25.4709 24.9005 2
27.5735 24.7587 2
28.9549 16.1858 2
31.2279 17.1870 2
28.3684 22.4272 2
30.4866 24.0515 2
19.6675 24.4962 2
30.2849 21.7442 2
20.9403 23.4433 2
27.9435 20.1205 2
20.0603 21.1944 2
22.1551 22.0860 2
26.9481 23.7359 2
20.3380 18.6769 2
25.9298 22.7894 2
27.1457 24.9828 2
21.5866 21.4229 2
27.9896 25.5530 2
30.1865 18.6041 2
19.5828 18.1551 2
16.8833 18.7864 2
21.1716 16.8702 2
18.6246 24.3954 2
29.0498 25.0389 2
30.8742 18.3704 2
22.5493 24.2267 2
27.4816 25.5895 2
22.6183 25.4753 2
24.2023 24.5988 2
20.1414 23.1159 2
20.2710 21.2326 2
24.4829 23.5583 2
24.0606 24.6280 2
23.7670 25.6249 2
30.1382 22.9224 2
22.4724 24.6411 2
26.7247 23.5659 2
29.3354 23.1426 2
22.5204 23.7811 2
24.2891 23.9732 2
28.4972 18.0255 2
18.3778 21.0085 2
25.1063 22.7344 2
26.5236 19.4515 2
24.1631 27.6892 2
27.1057 27.2309 2
28.2589 19.1007 2
29.4906 23.5618 2
21.2955 20.5586 2
19.5714 17.9613 2
29.3909 23.8980 2
22.4576 21.6475 2
25.2725 21.1898 2
18.8552 18.1018 2
30.3144 20.4629 2
29.6313 23.3262 2
30.0454 21.0722 2
21.9975 16.3387 2
26.1506 23.2890 2
29.5641 21.6024 2
30.4168 18.3866 2
24.1621 25.3342 2
27.0008 21.8803 2
31.0009 19.5745 2
23.3659 24.3230 2
31.4029 19.9671 2
21.9311 22.5684 2
20.4467 23.7412 2
19.8706 19.9810 2
20.1947 25.0318 2
19.4716 22.0383 2
19.7407 21.2855 2
19.6515 18.6630 2
32.1600 19.7827 2
29.8381 23.4251 2
25.8010 23.3069 2
29.5475 18.9292 2
18.8606 19.2265 2
31.0646 22.4357 2
18.1992 22.4458 2
19.1830 20.3101 2
28.6835 26.3554 2
28.6431 22.0202 2
27.3284 23.1643 2
30.8665 19.1761 2
19.1667 18.8816 2
28.9835 24.4489 2
30.8466 18.4139 2
30.9389 19.6015 2
17.2868 18.6608 2
21.1261 23.3011 2
18.2661 16.5215 2
21.1296 25.6352 2
22.7157 20.8562 2
19.7444 22.6019 2
31.0953 21.0333 2
19.5065 20.2822 2
32.6535 24.5752 2
28.3217 25.8841 2
21.9000 23.5522 2
30.9442 19.7959 2
22.3211 24.3258 2
20.2046 24.3901 2
27.1267 25.1399 2
28.7672 23.5706 2
26.8177 22.4016 2
22.1107 20.5825 2
18.7679 20.2801 2
28.6545 18.2251 2
28.0486 25.3146 2
26.8173 25.9149 2
29.5944 21.6003 2
29.9644 23.3280 2
24.4479 23.9760 2
19.4064 18.2265 2
29.7947 21.3533 2
32.6111 21.5835 2
20.8342 20.2564 2
29.2667 23.0418 2
21.8579 22.9903 2
28.0987 23.2933 2
29.8059 19.8511 2
23.3062 22.8371 2
25.1019 25.9817 2
19.9840 18.2992 2
20.3324 20.7234 2
27.2142 26.8531 2
25.7670 22.5888 2
21.2894 19.4568 2
19.4968 18.8068 2
29.3855 20.1953 2
21.5926 23.2096 2
25.3898 24.3653 2
23.7725 25.2058 2
28.3821 18.3168 2
24.2644 21.2506 2
20.6385 21.0321 2
21.4379 25.2462 2
27.8403 25.0542 2
30.6763 18.4710 2
18.4429 20.5261 2
22.6258 23.3674 2
19.0962 21.4898 2
26.5079 18.8091 2
31.2499 20.1706 2
21.4465 22.3820 2
22.7026 17.8237 2
29.7262 21.4675 2
18.9742 18.0621 2
31.9345 23.2197 2
22.2828 19.0080 2
19.4968 26.4128 2
25.6209 26.7383 2
27.4543 24.8229 2
29.7108 20.9691 2
23.7874 23.5851 2
16.8821 18.4293 2
23.4913 23.8183 2
29.9402 20.9639 2
24.6086 25.1126 2
30.8413 23.8420 2
20.6100 24.2028 2
28.0450 17.9903 2
30.5178 23.2299 2
24.5520 25.9414 2
28.0018 22.9501 2
19.6819 21.7995 2
29.5567 21.1548 2
19.8455 21.3779 2
29.9742 23.6951 2
22.8654 22.1698 2
20.7536 20.3666 2
22.2313 19.9860 2
28.4960 26.1767 2
29.3724 19.7630 2
24.9064 23.7156 2
31.4165 16.3520 2
22.4636 24.5801 2
22.3256 23.6595 2
19.8044 19.6909 2
29.8599 19.6165 2
29.3929 23.7685 2
28.1962 25.1487 2
23.0471 23.8447 2
29.1355 22.7045 2
27.8511 25.0718 2
26.0256 26.4388 2
20.4358 17.1860 2
19.7911 21.5192 2
18.7006 18.5542 2
21.5273 19.1020 2
22.1416 21.7045 2
29.6194 19.3856 2
19.7736 22.2291 2
22.4454 24.5391 2
29.7557 24.2598 2
20.1546 24.0322 2
28.1887 25.7201 2
21.7331 19.0812 2
30.4153 21.7425 2
23.3967 19.2170 2
27.4672 19.8295 2
21.4203 24.4291 2
31.6102 21.2591 2
23.0843 22.0677 2
31.9301 19.7494 2
19.2620 20.5183 2
20.6017 21.5286 2
27.3103 22.5110 2
29.3012 23.2620 2
28.3112 20.4006 2
28.0548 22.6007 2
30.3706 20.6386 2
29.2115 24.8555 2
28.5116 23.7775 2
22.0620 23.3472 2
19.9293 21.8840 2
25.3461 24.6519 2
29.6287 21.6339 2
21.0935 23.3099 2
22.9574 22.9356 2
20.3053 19.5017 2
28.7445 23.0261 2
26.8230 24.7732 2
23.1762 25.1879 2
25.3376 24.6731 2
22.8955 21.7719 2
17.4193 20.0748 2
22.2241 24.2637 2
20.5789 19.8653 2
20.5067 18.6697 2
22.0065 21.7298 2
22.6741 22.8805 2
28.1369 21.0959 2
27.2036 23.6609 2
28.7726 24.3476 2
24.5504 24.0973 2
31.7276 22.3762 2
22.8163 22.1277 2
20.2050 21.9512 2
19.9012 21.3231 2
19.7079 17.6745 2
18.7847 17.2729 2
21.6863 24.9192 2
31.5048 22.5722 2
21.6432 23.3231 2
29.7727 21.5387 2
19.1315 23.6559 2
26.0745 26.4450 2
29.3320 19.8884 2
27.9126 26.7562 2
31.0972 20.9980 2
30.8718 21.0672 2
31.3337 21.5587 2
28.1664 23.0153 2
30.2834 23.2620 2
31.5481 20.9048 2
25.9593 27.8036 2
29.7558 22.8108 2
24.1549 26.4177 2
28.3584 19.3064 2
22.9890 21.3404 2
30.0433 17.4302 2
27.7479 25.7492 2
22.8924 23.6183 2
20.2204 21.6489 2
21.4502 23.0453 2
29.9713 20.3090 2
29.0939 21.3207 2
30.6766 20.9246 2
23.0739 24.5238 2
23.5988 25.2647 2
27.8325 22.4472 2
27.0393 25.0309 2
19.1324 21.0741 2
25.0151 24.0192 2
28.8488 22.3026 2
28.3835 24.5292 2
24.7601 25.2624 2
28.7455 21.5522 2
19.6363 21.1020 2
26.0974 25.2783 2
30.9379 20.7226 2
24.8640 25.5081 2
20.9775 24.8323 2
21.8306 21.8994 2
30.4986 21.2336 2
27.8376 25.8504 2
26.8629 23.3674 2
23.7110 22.1049 2
28.8876 21.1973 2
26.2098 26.8337 2
24.9889 25.7824 2
29.7008 21.3565 2
30.6902 20.4706 2
19.7651 20.4912 2
19.3038 22.5562 2
30.8745 19.5018 2
29.5869 19.9368 2
23.5775 19.6097 2
30.7624 21.4093 2
20.2653 23.2633 2
26.4950 22.2091 2
26.7384 25.8569 2
25.7956 25.8869 2
29.8451 22.4851 2
25.3691 25.5913 2
22.3897 24.0552 2
20.7868 23.1790 2
21.4731 21.9246 2
30.1451 19.8229 2
28.2760 25.9622 2
23.9813 22.6717 2
20.2772 20.3361 2
19.7755 18.9863 2
24.0397 25.4621 2
27.0088 21.1090 2
21.6057 18.6185 2
29.8394 24.2407 2
30.7325 18.4947 2
30.6565 24.3232 2
20.3096 22.4867 2
22.2103 22.8792 2
30.4416 18.0250 2
19.6984 20.4580 2
26.3636 24.3352 2
27.7181 25.7271 2
25.8595 20.7524 2
21.4037 22.8195 2
19.3351 24.2313 2
20.9072 22.8131 2
31.3695 15.7796 2
23.7994 25.3718 2
26.7297 23.9122 2
29.3892 21.6783 2
19.3369 20.9304 2
19.6233 22.5504 2
19.1665 20.0064 2
24.2103 25.2120 2
29.0740 24.9764 2
24.9176 25.5214 2
29.3397 24.9399 2
27.4118 22.4168 2
27.6181 19.3759 2
26.5557 24.1391 2
26.7288 26.2612 2
28.5510 25.0567 2
20.6724 25.1132 2
22.7909 25.0344 2
19.8925 23.1547 2
19.9531 22.2571 2
31.1695 18.8018 2
29.8482 20.3292 2
21.7777 19.1191 2
19.9533 19.1131 2
26.2705 22.2833 2
29.5579 20.6931 2
30.6161 20.7156 2
25.5041 24.3111 2
30.1113 21.9043 2
24.5750 24.4733 2
29.9617 24.4050 2
21.4859 24.0026 2
29.5799 18.6156 2
24.0755 26.8154 2
21.4002 19.5933 2
21.7429 20.3772 2
19.8856 21.3632 2
27.4043 22.5705 2
27.3245 22.3187 2
19.9756 20.0051 2
22.1165 22.9331 2
24.1240 23.8749 2
21.4911 21.0433 2
29.0346 21.1043 2
18.8529 16.6106 2
20.4101 22.6525 2
18.7196 19.8383 2
28.5343 23.8189 2
29.1349 22.2931 2
19.0153 21.3461 2
19.5136 21.6787 2
23.7081 24.5691 2
28.7484 21.2215 2
24.6886 26.1624 2
28.7533 25.3218 2
20.2925 22.8543 2
28.1460 25.2966 2
29.0524 22.6003 2
20.9536 20.3976 2
32.5748 22.1120 2
21.1925 20.3043 2
25.3334 26.0035 2
27.1247 26.2413 2
28.9933 20.1364 2
28.5580 23.3119 2
21.2815 19.7601 2
23.0089 24.1917 2
29.7064 24.5411 2
25.5102 25.2901 2
26.5923 23.5423 2
29.2273 19.4132 2
20.5731 22.8794 2
25.9358 24.0037 2
22.2501 25.0933 2
20.5380 22.7050 2
21.1073 23.4271 2
24.3578 24.6048 2
30.2482 22.5411 2
22.7174 25.7143 2
31.1314 23.8202 2
29.0130 16.9140 2
29.3608 21.4981 2
31.0465 20.7469 2
27.9688 19.1258 2
28.2900 19.3385 2
20.7245 19.8117 2
19.3204 18.6374 2
27.3995 22.0055 2
25.5319 23.8977 2
29.1168 17.9063 2
23.7419 22.8969 2
30.5191 20.3350 2
19.5672 18.9608 2
26.3289 24.4281 2
23.3729 24.9354 2
25.7716 24.0250 2
27.9295 24.5881 2
27.3756 24.6345 2
20.7555 21.7791 2
31.0647 19.3484 2
29.3794 17.1894 2
28.4191 23.3386 2
23.4426 25.6005 2
22.9231 20.3796 2
27.6949 16.8082 2
20.6136 20.9903 2
21.4849 21.8840 2
28.5901 19.5054 2
28.5376 25.2035 2
20.3334 18.2306 2
23.4643 24.8059 2
24.6759 24.6149 2
29.3918 22.6695 2
21.2478 25.3501 2
19.7336 21.6085 2
30.8464 20.7165 2
26.3174 22.0407 2
31.0699 20.9747 2
19.9602 27.7900 2
28.0242 24.2542 2
22.4594 24.7385 2
30.0918 19.4366 2
27.5155 23.9532 2
26.6044 26.1017 2
28.6518 22.3567 2
23.2397 21.6422 2
20.1921 19.9037 2
20.4633 16.0607 2
29.1816 22.1857 2
21.1184 23.4329 2
30.1939 23.1731 2
19.9842 18.1093 2
29.0263 20.2853 2
21.0656 20.8876 2
28.8430 22.6360 2
23.8598 27.4884 2
20.9776 23.2882 2
20.4935 20.8164 2
19.6871 26.0843 2
30.0254 23.8196 2
21.9476 21.5050 2
31.1916 23.7516 2
29.2890 21.4686 2
23.2285 24.0104 2
29.4621 19.3239 2
22.0535 23.4556 2
28.4982 22.4933 2
26.8572 21.5640 2
27.4378 23.7226 2
25.1961 26.1375 2
22.7910 24.9579 2
28.3488 19.3421 2
29.2118 19.4760 2
20.3006 24.7154 2
25.5039 26.0687 2
22.4481 23.8141 2
24.5432 24.4126 2
30.8605 22.1915 2
29.0412 24.7208 2
24.3906 25.1730 2
24.6181 25.2729 2
31.6094 17.0854 2
20.0237 18.8165 2
29.8297 21.2706 2
22.2885 23.8507 2
22.8207 19.8967 2
28.2199 24.2071 2
18.9745 23.0175 2
29.0815 22.9722 2
21.2440 22.5633 2
21.4864 21.1188 2
23.2176 24.6086 2
32.5460 17.7662 2
23.9746 23.7264 2
28.0386 15.9539 2
24.1366 23.3643 2
22.0906 24.6990 2
21.2058 27.6513 2
28.7030 17.4547 2
23.5407 24.7340 2
31.1800 18.8579 2
21.5637 23.5082 2
19.9484 23.5794 2
21.5560 21.7299 2
28.6098 19.7715 2
20.2943 17.5747 2
30.8540 17.7505 2
30.1053 19.2833 2
17.7942 17.2633 2
30.3623 19.4797 2
24.9252 24.8896 2
31.1854 23.4794 2
32.6131 20.9304 2
19.1334 22.6482 2
21.6552 22.2382 2
29.0353 20.5707 2
26.3408 22.5037 2
21.1534 24.5750 2
28.1128 23.5445 2
20.5116 21.9847 2
31.1856 22.6846 2
29.2390 22.8904 2
28.1276 25.5840 2
22.3750 22.5000 2
24.3254 26.4019 2
27.3751 22.2850 2
19.6336 24.2599 2
26.1439 23.4416 2
23.0991 21.9059 2
24.7087 25.0155 2
22.2396 24.7719 2
20.6001 17.3804 2
25.2550 23.7771 2
18.5339 17.6871 2
19.5194 21.2290 2
27.4956 25.2820 2
20.4060 22.7054 2
28.2676 22.3552 2
28.5800 18.7532 2
29.9597 23.7962 2
19.7171 20.4978 2
18.0673 18.6158 2
20.2232 20.6714 2
24.5358 23.7917 2
27.0489 21.2372 2
19.2785 22.5321 2
29.4475 19.6541 2
19.4743 22.2191 2
28.1170 25.2919 2
20.4152 21.3883 2
31.5213 19.7022 2
21.8964 22.9886 2
27.3667 23.7694 2
22.1787 27.5974 2
24.6334 25.5198 2
30.0945 21.0090 2
18.5418 19.6052 2
22.4945 27.0855 2
30.4552 19.9315 2
22.9234 25.1306 2
28.9122 23.8664 2
23.2419 25.1203 2
29.6007 17.5606 2
18.9363 21.6431 2
20.4811 23.4742 2
31.2369 24.7182 2
27.7237 19.9429 2
21.7577 17.7125 2
24.1770 25.2906 2
29.9146 20.8957 2
28.2200 23.2666 2
28.9281 22.4279 2
24.4783 25.1060 2
31.7027 20.6556 2
23.7662 25.7557 2
20.4422 16.7737 2
25.9699 24.4370 2
28.0502 25.8184 2
25.0935 24.7779 2
26.1480 25.0182 2
30.9055 18.5449 2
29.7446 19.0506 2
19.5393 19.2454 2
24.4685 26.7983 2
18.9038 18.8543 2
28.6880 21.1840 2
21.4160 17.5708 2
20.3344 22.9146 2
28.6522 22.2765 2
31.0667 20.3654 2
27.8835 23.4104 2
23.8528 23.7747 2
21.9806 21.9560 2
19.6000 25.1683 2
21.5991 23.9161 2
21.4506 20.7085 2
28.3275 18.6037 2
28.1965 23.2624 2
29.1537 23.8180 2
19.3118 23.4928 2
25.9972 25.6418 2
26.6825 24.2679 2
20.2026 22.2488 2
28.0955 22.3807 2
25.9284 25.7095 2
20.6226 20.5069 2
20.4122 22.9399 2
22.5867 22.4797 2
19.3015 20.8517 2
27.3750 20.9495 2
20.7095 22.8308 2
25.2769 22.5787 2
29.9452 17.6894 2
30.2867 21.3251 2
29.1950 24.1086 2
22.7035 26.7583 2
21.7297 25.8866 2
23.0650 23.9263 2
20.2883 21.1893 2
24.3446 24.9650 2
19.4637 21.1203 2
29.0298 20.3135 2
23.4002 24.5746 2
19.8735 21.5042 2
26.3253 24.6131 2
20.9728 21.1572 2
20.2679 20.5133 2
23.0668 24.4225 2
29.6523 20.9696 2
30.8441 24.7086 2
21.5971 17.4386 2
20.5466 26.7250 2
23.7800 23.8693 2
22.2602 24.8218 2
30.4098 24.6271 2
24.6096 24.1699 2
32.6933 20.3028 2
28.3286 26.5107 2
30.8389 18.2444 2
27.6785 22.7151 2
26.2793 27.1069 2
28.4758 19.5880 2
22.2408 25.4827 2
27.9740 23.6080 2
22.4656 24.2298 2
28.8369 24.8976 2
28.0437 23.3608 2
29.9276 20.2808 2
29.0781 22.0381 2
20.5988 23.6904 2
20.6015 24.0526 2
18.7819 17.9170 2
21.9067 23.6979 2
26.7817 26.0103 2
17.8258 19.4496 2
24.0728 27.0888 2
21.7086 19.5761 2
30.1458 22.1607 2
28.6487 25.4955 2
27.8197 24.4771 2
20.2858 16.7863 2
29.4706 19.8849 2
23.9876 25.2427 2
29.1333 23.5167 2
28.9545 23.2704 2
26.2819 24.0030 2
24.5505 25.0744 2
19.4104 17.9197 2
28.6806 18.9827 2
22.3338 24.3469 2
31.7271 23.7034 2
21.5190 20.8448 2
22.2881 24.7101 2
27.1712 23.9430 2
19.1535 21.4787 2
22.0629 24.2247 2
26.3205 25.0667 2
28.1470 25.0344 2
24.5902 24.6574 2
20.1579 20.3622 2
22.2955 26.3974 2
21.0438 24.3357 2
22.5115 22.6171 2
28.5491 22.0527 2
23.9332 21.0161 2
23.0393 26.1506 2
21.2845 20.4347 2
18.5416 21.1613 2
28.6419 22.3928 2
18.7094 20.4875 2
20.7646 20.4535 2
26.7220 26.3019 2
21.5588 25.2074 2
25.5920 24.0844 2
27.0178 23.7079 2
19.4661 18.0211 2
18.6677 20.7472 2
28.8788 19.6867 2
27.4925 24.0263 2
23.4465 25.3298 2
20.9904 21.3100 2
29.1337 24.1526 2
28.7936 24.2876 2
20.7724 20.1972 2
29.4126 21.5364 2
28.9071 21.4600 2
20.4329 24.1070 2
20.3125 22.7568 2
19.4154 23.5460 2
28.7948 23.6789 2
21.4147 17.7851 2
30.1006 20.6008 2
27.1461 26.2631 2
29.0471 19.7527 2
29.1773 22.9433 2
25.1611 27.1068 2
18.5225 17.4946 2
29.6268 21.2226 2
29.5422 19.0730 2
29.6290 18.4718 2
18.0619 17.7990 2
30.0589 18.6664 2
21.0525 16.9384 2
19.6891 18.8171 2
23.8194 23.1469 2
28.5311 23.3633 2
29.4458 23.3430 2
27.3801 26.4797 2
29.3935 22.8777 2
20.5058 21.7048 2
26.3238 26.1649 2
19.4638 22.6567 2
29.4069 18.8168 2
20.9911 23.8384 2
17.9914 18.6093 2
26.4727 24.4715 2
19.6078 24.6724 2
27.8969 19.5808 2
30.4215 22.7194 2
31.6042 22.3076 2
26.3988 27.2951 2
24.3557 26.6236 2
19.9856 20.4565 2
20.0788 20.1597 2
30.5891 19.8469 2
19.5347 19.6857 2
19.7054 21.9468 2
24.6968 27.0235 2
30.0806 18.0701 2
20.5787 25.1538 2
28.9166 22.2533 2
22.7189 26.4018 2
30.3827 22.4128 2
28.6132 23.3088 2
30.0968 21.0008 2
21.3951 24.1912 2
22.5638 22.8623 2
26.3398 25.0084 2
29.6684 23.0584 2
20.5314 24.0016 2
19.7187 21.5352 2
30.3321 18.3210 2
28.2632 24.6684 2
28.6429 26.5527 2
18.6087 19.2472 2
30.1017 20.8562 2
24.1048 25.4232 2
26.6075 23.1658 2
32.9540 22.5856 2
28.6149 18.9930 2
21.8439 22.7042 2
27.0912 25.4331 2
20.7740 19.5105 2
29.8983 20.8393 2
22.1840 16.3833 2
20.0861 18.8680 2
28.1134 22.5004 2
20.4368 25.7478 2
28.6468 20.3027 2
21.4561 19.6940 2
23.1746 27.1291 2
26.2962 19.7548 2
26.9218 23.7710 2
27.3990 22.0895 2
26.0172 24.1465 2
19.4851 25.1385 2
23.8429 25.0994 2
23.9188 25.8953 2
26.4788 25.3274 2
27.3062 22.8520 2
30.9166 21.0671 2
20.4032 17.7127 2
23.0795 21.8527 2
29.8350 22.5940 2
29.6520 21.0016 2
21.9349 26.4529 2
29.5005 23.1899 2
28.5878 26.2982 2
27.5019 19.1298 2
27.8814 18.7942 2
26.6973 26.1450 2
20.9355 21.8991 2
21.7428 25.7886 2
20.6444 19.6608 2
31.4053 23.3962 2
28.1855 22.4345 2
20.2864 24.4581 2
25.6356 25.1389 2
26.9891 20.8372 2
25.9659 23.8309 2
21.3878 24.7114 2
27.2217 26.0061 2
22.1239 25.7822 2
19.0227 18.3517 2
27.9708 24.0754 2
22.6846 27.3290 2
29.0227 26.1243 2
22.2585 24.0593 2
22.1748 22.0048 2
26.3971 25.1951 2
22.9921 24.2720 2
26.5968 25.8582 2
18.9470 20.2493 2
25.2452 23.4888 2
28.2686 22.0542 2
28.0541 24.2266 2
24.2804 23.9151 2
29.9890 18.7309 2
28.3063 23.1028 2
23.3293 21.2510 2
20.8513 22.2820 2
31.3074 20.1426 2
29.9861 20.4560 2
19.3426 17.2364 2
30.2210 20.0869 2
21.8880 21.9268 2
30.6214 21.1836 2
30.2406 20.5694 2
29.0068 20.0139 2
31.6569 19.6968 2
18.7882 22.9834 2
29.9833 17.8766 2
30.5731 18.3529 2
28.0631 18.1187 2
30.7344 15.6658 2
28.6840 20.8776 2
22.7050 22.8725 2
24.3490 23.1737 2
29.4542 22.5181 2
19.7041 18.4272 2
21.8783 22.0649 2
20.8989 22.3926 2
28.2993 21.2200 2
24.4764 24.1892 2
29.9005 23.4131 2
23.9335 25.8394 2
29.4036 18.8132 2
29.6194 22.0075 2
21.6688 23.1863 2
29.6634 17.6064 2
29.2558 20.9934 2
29.4651 22.4784 2
28.1192 25.3055 2
24.8230 26.1677 2
21.1679 17.8903 2
31.0188 20.3399 2
28.4948 19.2025 2
18.8083 19.5005 2
24.7890 22.0673 2
28.4918 23.8697 2
26.1130 23.8139 2
27.9763 24.5909 2
20.5077 17.5135 2
29.6430 19.5070 2
22.4758 25.5565 2
19.0503 22.1588 2
30.4749 18.1707 2
26.0737 24.3316 2
23.9289 26.4614 2
20.5011 19.4934 2
23.1985 23.3849 2
28.7720 19.2651 2
28.1602 22.0721 2
29.4533 21.5269 2
28.2422 19.3419 2
18.1294 21.2492 2
26.8330 25.0141 2
29.9164 20.2827 2
24.3837 23.0364 2
25.1991 23.7143 2
29.5568 21.5808 2
29.3940 19.8784 2
21.4593 18.2118 2
29.9212 21.0660 2
28.1351 20.9455 2
20.4618 22.1000 2
30.2608 18.4614 2
24.7262 25.3950 2
21.4769 22.1469 2
29.2477 20.0356 2
29.2890 23.4435 2
24.1665 23.8453 2
30.2160 20.8832 2
24.4318 24.9992 2
27.8721 24.4859 2
21.8727 21.4209 2
28.0086 25.7983 2
22.9241 24.4709 2
26.8629 22.6999 2
20.5770 25.1736 2
23.3517 24.5613 2
23.4876 24.0143 2
21.3071 22.3902 2
24.8419 23.2854 2
21.8043 24.7620 2
27.5298 24.9921 2
29.3688 21.0130 2
19.0323 18.8244 2
19.9416 19.3565 2
20.7491 24.2284 2
23.1365 21.8118 2
27.5928 25.6050 2
27.3405 24.6597 2
30.2353 19.7326 2
24.2253 19.8819 2
22.7328 23.7983 2
30.8369 27.3227 3
43.1276 32.1841 3
40.3346 33.8602 3
39.7684 33.2065 3
41.4764 32.5996 3
34.7885 26.3616 3
34.9613 31.3315 3
34.3198 22.4825 3
34.5497 32.4377 3
32.4738 26.0900 3
33.2385 26.8588 3
40.3707 33.2636 3
33.9103 26.9245 3
35.0601 28.8129 3
34.2161 25.2144 3
40.6078 32.0470 3
33.7040 30.5785 3
36.0485 30.3038 3
33.1543 25.5871 3
34.4050 20.4760 3
43.4666 32.9350 3
33.6264 26.0748 3
34.5767 26.0164 3
39.3090 33.0274 3
44.0508 32.4385 3
29.8561 21.6364 3
32.6808 24.8095 3
31.9879 24.5651 3
44.8810 33.8516 3
34.2089 31.1754 3
30.8370 23.8107 3
35.4220 28.7715 3
33.2352 21.8783 3
39.7066 31.0392 3
39.6376 32.9883 3
33.3397 25.6079 3
32.4940 22.9606 3
32.4648 25.8504 3
34.3358 27.4354 3
35.1519 29.1434 3
33.1835 24.7615 3
43.8875 31.5627 3
41.7404 32.2579 3
41.5288 33.9340 3
33.5274 23.6211 3
33.8060 30.4776 3
34.5718 23.3695 3
36.1690 34.5074 3
38.2182 31.0373 3
36.6107 32.0049 3
37.7239 31.4918 3
33.5310 22.4397 3
31.7319 20.4473 3
38.5186 33.6026 3
31.9395 26.4486 3
34.6694 31.5784 3
33.2831 22.0537 3
33.0423 31.1729 3
34.0606 20.9786 3
42.9842 33.6139 3
37.4573 33.0295 3
32.5604 25.3264 3
42.1675 33.2647 3
44.2540 34.3227 3
32.2108 20.9075 3
44.5760 33.5207 3
36.7993 30.4861 3
35.8422 31.2169 3
39.9717 32.9621 3
41.4923 32.5453 3
33.3812 28.4605 3
35.6540 30.4300 3
37.3381 31.2618 3
34.2077 26.0858 3
44.5637 33.6056 3
45.0036 32.1920 3
45.5387 32.9833 3
46.2043 33.4298 3
32.0312 28.7765 3
41.7202 31.1705 3
33.8691 25.3833 3
33.9004 30.2444 3
41.4683 31.9501 3
34.4279 21.7537 3
31.1276 23.4144 3
41.9392 34.2604 3
37.7045 30.5507 3
48.6010 34.4885 3
34.3387 29.0261 3
33.4254 24.0953 3
36.5549 34.4691 3
33.0891 22.4763 3
38.1475 31.4413 3
41.0503 34.8513 3
35.4339 31.0798 3
43.8539 32.7446 3
40.5047 34.2862 3
32.4195 27.9288 3
33.5139 19.6600 3
37.3327 32.5574 3
32.2058 25.3247 3
39.1191 34.1085 3
35.9300 27.9731 3
40.7403 31.6305 3
38.8152 32.6474 3
37.1816 30.3409 3
33.0314 27.2125 3
42.7307 32.7556 3
31.9358 18.3957 3
34.4690 28.6980 3
31.3879 26.6499 3
29.9389 25.4418 3
45.1955 32.8271 3
33.4676 26.4224 3
42.1145 33.1782 3
37.1042 31.2126 3
45.9847 33.4537 3
34.1593 29.1438 3
40.9656 32.5604 3
37.2917 33.4768 3
32.1438 20.9907 3
40.6047 32.5256 3
31.8945 25.3915 3
32.9300 28.8371 3
35.7880 31.1801 3
32.3356 21.7378 3
44.8095 31.0510 3
33.5295 30.0587 3
39.1882 29.7014 3
33.5880 21.8013 3
41.4937 32.7572 3
35.7182 32.3141 3
30.8105 20.5189 3
31.5080 24.1885 3
35.9335 30.6971 3
32.7964 19.7752 3
37.1146 33.6943 3
41.1999 30.3102 3
37.7041 30.8225 3
32.3370 25.2575 3
32.1266 21.5045 3
34.1597 26.7638 3
32.1772 22.6040 3
36.2101 29.8913 3
38.3550 32.6436 3
38.7308 30.7146 3
40.4205 32.7949 3
35.0840 30.9496 3
44.3058 33.2739 3
39.2777 33.1263 3
32.8702 24.2606 3
33.8909 22.0692 3
36.8696 30.4098 3
43.5526 31.8111 3
42.5562 34.6982 3
37.7122 31.5956 3
43.8389 31.2284 3
32.4189 29.0805 3
35.3450 25.6408 3
43.3462 32.4269 3
43.1541 35.0577 3
34.2354 25.1671 3
41.4359 34.5821 3
37.5151 32.4195 3
39.5457 32.2754 3
32.1819 20.9128 3
38.1743 31.1804 3
33.2585 22.6659 3
36.4428 31.1573 3
31.9581 22.2820 3
36.1289 31.5210 3
39.8078 33.4551 3
42.3623 32.1928 3
32.8551 26.9973 3
40.9370 31.9722 3
37.0444 33.1238 3
41.5921 35.5610 3
30.5934 23.2534 3
44.4430 32.3681 3
39.6974 31.8068 3
29.6699 23.0039 3
35.5432 28.3971 3
36.1587 33.1704 3
39.1707 32.8231 3
42.1183 34.1007 3
32.8489 25.9620 3
33.6454 25.5905 3
30.0028 23.2195 3
33.4675 29.2906 3
32.2824 19.8022 3
34.1154 27.7711 3
35.0274 27.9335 3
34.4329 28.8108 3
43.8645 33.4022 3
34.7256 28.4806 3
31.3778 22.0942 3
31.3888 22.6425 3
40.6954 34.1470 3
34.0507 28.4010 3
33.9870 23.4467 3
33.0810 22.5125 3
32.1291 26.8781 3
36.2787 31.7784 3
43.2674 33.5443 3
32.1374 30.2497 3
39.1360 32.5250 3
41.2579 33.3147 3
33.1672 21.3723 3
32.4204 24.4414 3
34.2901 26.4637 3
46.5598 34.5546 3
36.1823 31.7624 3
35.9575 31.6590 3
38.5783 30.4084 3
42.4365 32.8572 3
32.5597 23.4429 3
37.5922 32.9405 3
37.8797 32.5015 3
31.6727 28.8740 3
39.2065 32.6016 3
33.2165 21.3818 3
38.8000 33.9506 3
38.5896 34.4756 3
38.7711 32.5649 3
30.7279 25.1832 3
36.5125 33.8027 3
43.1337 33.3769 3
40.6621 33.2209 3
43.0999 35.1634 3
43.2713 34.2451 3
41.8982 31.5668 3
33.3168 24.3278 3
43.0425 32.4511 3
32.4127 25.9924 3
34.9714 30.3540 3
32.9979 21.3197 3
39.9268 31.1577 3
32.3449 22.9980 3
41.4150 32.7477 3
34.9004 23.0191 3
38.6193 32.1160 3
31.7462 24.4630 3
40.9024 34.7489 3
41.0083 34.9928 3
33.1229 19.9170 3
40.1844 35.3597 3
41.6433 34.3139 3
42.3345 34.0895 3
42.5477 34.1055 3
34.6237 31.8223 3
40.7752 33.3199 3
41.5998 34.2117 3
38.5675 31.6891 3
38.0324 30.8500 3
33.1325 21.9542 3
33.4131 23.2110 3
41.6043 33.7327 3
30.6537 23.9307 3
37.8868 33.0649 3
41.6017 34.2144 3
39.7181 33.0015 3
33.1263 29.3503 3
42.2601 33.4119 3
33.1396 25.0236 3
38.4246 33.2693 3
31.5743 27.2787 3
34.1290 26.6314 3
42.4151 32.8430 3
40.8911 31.3310 3
35.1749 33.7057 3
31.8512 25.1583 3
34.0400 25.2681 3
43.4454 33.4890 3
33.8726 28.6047 3
45.8017 32.2324 3
36.5631 31.4112 3
40.2812 30.6220 3
32.2989 26.6251 3
43.1523 32.4874 3
33.5009 19.8282 3
33.7170 25.2861 3
34.1053 25.0971 3
33.5099 30.7756 3
45.6231 34.9906 3
40.1103 33.5141 3
40.5443 32.4998 3
33.9338 27.6917 3
33.4000 26.4925 3
35.4498 31.9833 3
42.7159 35.0236 3
43.9889 33.3634 3
37.4454 33.4284 3
31.6555 23.2197 3
34.3783 30.0127 3
32.7881 26.0871 3
37.5361 33.1394 3
42.9223 34.4314 3
33.3736 23.7964 3
37.2445 32.2204 3
39.6401 31.8555 3
31.0944 20.8516 3
37.2795 31.5873 3
35.1976 20.7008 3
31.9916 21.2129 3
33.0784 29.4382 3
33.2962 30.0945 3
42.6787 34.1365 3
33.1919 24.2619 3
40.9134 32.9529 3
32.5766 23.5762 3
38.2096 31.7754 3
33.4948 28.2327 3
32.2011 26.7214 3
32.8073 22.8625 3
39.7829 33.4710 3
31.5541 20.8568 3
32.3643 20.6740 3
39.2543 34.5504 3
41.8487 34.5595 3
33.7931 24.5092 3
33.8878 24.7863 3
34.4107 30.7519 3
31.8166 24.5817 3
34.5693 23.2048 3
41.2937 35.7934 3
45.3742 33.5961 3
36.2469 31.0082 3
31.4286 25.9577 3
44.4986 30.7382 3
32.7664 29.0124 3
39.8045 33.5048 3
32.8364 29.5834 3
33.7713 23.0838 3
38.3455 32.7119 3
32.7382 26.5772 3
31.9468 19.8673 3
42.0853 33.9539 3
34.2496 28.0960 3
36.3474 31.0374 3
38.2623 31.0936 3
36.1791 32.3866 3
36.6155 31.1693 3
34.6289 26.5013 3
39.5551 34.2267 3
35.7347 30.2498 3
35.9460 30.0515 3
34.1184 32.0110 3
41.7375 31.7001 3
34.0496 24.6577 3
37.0595 29.7535 3
33.8283 24.2972 3
38.6956 32.8237 3
41.2646 34.1591 3
37.0713 29.9181 3
42.0013 33.7883 3
44.1934 33.5221 3
32.4539 21.7822 3
40.1515 34.1455 3
38.0190 33.0056 3
32.6865 24.1162 3
30.6735 23.1967 3
45.1165 34.1746 3
36.4168 31.6989 3
42.4446 34.3935 3
32.5482 22.0750 3
35.2463 30.1131 3
35.5932 30.1950 3
40.4479 34.7852 3
44.7263 32.4513 3
34.9627 29.1674 3
31.5640 23.3307 3
34.7690 30.3429 3
38.7664 31.3668 3
40.2580 31.4395 3
32.2191 21.7000 3
43.0525 33.2431 3
33.6666 33.0243 3
39.6707 35.5780 3
34.8249 28.2321 3
34.5665 25.2453 3
33.8006 31.0399 3
31.7072 25.5065 3
36.6373 25.6200 3
33.7168 29.9887 3
37.9205 32.0505 3
39.5386 34.3154 3
40.4486 35.2044 3
34.8972 32.8115 3
42.7208 34.1214 3
36.0259 28.2632 3
35.9549 32.2487 3
39.1431 32.9823 3
33.7492 21.5216 3
38.4993 33.3341 3
38.7440 33.4517 3
36.1567 24.0499 3
42.3008 35.5060 3
34.3442 27.6556 3
32.0045 19.7635 3
30.4244 23.2062 3
44.0250 34.5512 3
34.4144 26.8941 3
39.6979 31.4546 3
33.8197 30.4849 3
35.0064 31.3538 3
43.0514 33.2444 3
37.4595 30.6788 3
34.5946 31.1460 3
37.9683 35.0115 3
38.4544 33.6055 3
43.3877 34.3126 3
31.7239 26.3892 3
37.3517 31.7355 3
31.2868 28.6930 3
44.0983 34.9852 3
34.0646 25.5349 3
35.0421 26.6045 3
33.6608 26.4911 3
34.5943 27.3578 3
32.6702 27.1434 3
36.4287 30.7310 3
31.7736 22.7013 3
34.8840 30.8205 3
33.3973 25.2110 3
33.5408 25.3640 3
34.0130 25.9902 3
35.0618 31.0487 3
34.1779 23.4686 3
44.8482 35.2653 3
38.3781 33.3883 3
33.6263 27.5997 3
33.7500 24.4444 3
33.1105 30.0408 3
31.3419 20.4956 3
32.7538 23.9455 3
35.3819 29.7008 3
33.1639 27.3578 3
35.2971 33.3942 3
38.4215 35.6774 3
42.3108 34.1577 3
43.6618 34.2757 3
39.1846 33.3059 3
40.7175 31.4180 3
34.3768 23.4861 3
33.4015 24.8201 3
39.7266 35.3200 3
39.8458 33.7628 3
39.1605 32.5142 3
32.2013 23.5637 3
32.7377 26.0975 3
38.8740 35.6824 3
33.3426 31.3427 3
35.7778 31.7924 3
31.7403 22.3159 3
34.0761 23.8493 3
35.7558 32.9382 3
38.6845 31.6016 3
33.5072 25.6006 3
37.0089 33.9465 3
33.7205 25.0221 3
35.8662 30.5252 3
35.0333 29.1483 3
34.0388 29.8018 3
37.0072 33.1710 3
31.4848 24.4574 3
41.2703 34.8480 3
42.9367 32.8234 3
34.0242 27.3926 3
42.9139 34.7509 3
34.4454 29.2149 3
34.9431 32.3118 3
39.9118 32.4380 3
35.0092 29.3227 3
32.3801 20.3434 3
32.5030 28.0608 3
33.0091 23.7695 3
34.8573 28.7405 3
37.4728 30.9419 3
39.1074 34.7454 3
38.2349 32.4214 3
33.4089 23.9532 3
36.2838 32.9943 3
37.0967 33.3198 3
33.1775 29.2477 3
35.3801 27.2188 3
40.1434 33.2068 3
40.1253 33.5805 3
30.7049 25.3356 3
33.7991 25.6934 3
33.8251 28.6891 3
37.7249 32.6995 3
34.2417 30.8145 3
38.6649 32.2723 3
37.2859 32.3889 3
32.9688 25.4368 3
33.6105 22.6583 3
33.6292 27.1433 3
32.7622 29.6591 3
44.5791 34.1548 3
41.8669 35.2941 3
31.9258 26.3200 3
34.0901 22.4988 3
35.2897 30.3312 3
34.6117 23.7190 3
44.9553 32.8357 3
37.0710 32.6193 3
37.3189 33.9107 3
35.8773 28.4303 3
31.7799 27.5794 3
38.4226 31.8779 3
42.3167 31.5788 3
42.0566 33.2091 3
36.8338 31.4184 3
37.8138 31.2076 3
40.7894 34.6392 3
32.6873 24.2140 3
33.8544 25.1844 3
41.4277 32.5678 3
34.9596 26.6052 3
42.3551 33.8923 3
45.2828 34.7164 3
32.1451 24.3577 3
31.3094 22.1260 3
35.1711 32.2026 3
37.8459 32.0299 3
42.8849 33.4862 3
34.3582 28.0969 3
37.1952 31.0963 3
42.6867 32.4341 3
36.1472 30.2356 3
31.7917 23.3457 3
37.9040 32.1570 3
40.8757 34.0171 3
44.4443 35.8569 3
43.4134 33.5744 3
32.8143 25.4061 3
33.7729 21.0973 3
38.1675 32.1795 3
33.7908 22.0660 3
40.6700 34.9664 3
32.4248 24.4871 3
35.0022 26.3498 3
37.2223 30.7781 3
39.7692 30.0975 3
33.0582 28.6371 3
38.7983 33.3136 3
32.3230 27.0047 3
42.6604 32.3973 3
33.1576 20.0644 3
37.8189 32.3498 3
33.4389 28.9521 3
33.2245 22.0060 3
44.0057 33.8494 3
34.0451 27.0279 3
34.0475 21.8511 3
31.7086 26.4341 3
35.1277 27.1758 3
32.5432 22.1715 3
34.3326 29.1689 3
41.7171 34.9422 3
37.3274 30.7059 3
32.2554 31.5816 3
40.2160 33.6792 3
42.2325 36.2381 3
34.2136 26.2321 3
41.7020 32.0379 3
39.6352 32.4709 3
32.2667 22.8064 3
40.6162 35.9754 3
37.9856 33.5784 3
33.4145 29.0819 3
33.5002 26.8261 3
32.7308 23.6552 3
40.5252 33.5123 3
31.8293 24.4530 3
31.8948 23.3650 3
37.0239 31.4113 3
34.0405 24.4887 3
39.0467 31.4752 3
32.4422 25.7094 3
43.4990 33.8948 3
30.7997 27.8669 3
33.3120 25.1484 3
33.5069 25.8296 3
37.2144 31.7358 3
46.9545 32.6220 3
43.8152 31.0064 3
43.2159 30.3369 3
35.9150 29.9134 3
31.9111 21.8897 3
34.1218 23.5030 3
39.0119 35.2780 3
32.6425 21.9038 3
33.1065 27.3881 3
36.5162 34.4323 3
34.9969 26.2744 3
40.0314 34.6576 3
34.5734 28.7911 3
32.0574 21.4227 3
35.1366 30.6058 3
34.4444 29.0394 3
31.9961 28.5732 3
35.2959 33.4042 3
32.3896 24.4607 3
32.9996 28.2510 3
46.9713 34.3371 3
35.7814 28.7076 3
35.3549 26.9905 3
42.9673 34.4137 3
44.8318 34.4276 3
45.5711 32.8705 3
35.7665 30.7460 3
36.0747 22.5985 3
30.3833 23.1460 3
34.8004 25.3661 3
35.3592 30.1403 3
31.9394 22.1489 3
36.0970 29.5662 3
31.3170 22.5495 3
33.6808 28.1326 3
48.1487 34.3238 3
40.9670 32.6302 3
34.4952 22.6196 3
40.3342 33.4893 3
32.2113 22.3178 3
37.4797 32.5457 3
38.4517 33.4134 3
32.3594 28.3548 3
31.6011 23.8858 3
45.0375 33.4518 3
37.7464 31.1194 3
41.0930 31.0239 3
38.5420 33.5785 3
38.7392 35.2424 3
32.8362 27.0211 3
35.4475 30.1904 3
34.6423 30.4701 3
41.2349 33.8200 3
41.1441 35.8254 3
31.0163 22.1037 3
34.7967 26.7066 3
40.6665 32.3657 3
37.2703 31.9213 3
33.6040 22.5039 3
34.6727 25.2627 3
43.7840 33.1020 3
34.1078 23.6380 3
39.0060 32.2779 3
40.2236 32.5071 3
33.2596 30.9264 3
33.6992 27.2955 3
35.0732 31.0582 3
32.6814 26.2934 3
43.3636 35.2673 3
32.2518 22.4332 3
43.8756 31.9787 3
39.8138 32.9607 3
39.1950 30.3681 3
33.4704 29.8538 3
33.5344 29.0177 3
37.3654 29.6200 3
45.9593 33.7176 3
35.3480 26.2432 3
31.8225 22.5814 3
34.8975 25.6576 3
33.2324 29.1687 3
41.3863 33.9277 3
32.5564 28.9564 3
41.1717 33.8289 3
40.5474 31.6820 3
33.1014 27.1036 3
39.3948 33.6358 3
33.1174 19.0269 3
32.0897 26.4136 3
39.0047 32.8862 3
39.4035 32.0225 3
44.8078 31.9317 3
31.8141 27.5728 3
31.1185 20.3397 3
44.6141 36.0955 3
35.8076 30.5959 3
44.8766 33.2445 3
35.9177 29.2341 3
30.5429 26.6498 3
33.3719 25.7185 3
35.6844 27.0354 3
34.0633 25.8804 3
32.4468 20.6618 3
40.4512 35.2702 3
37.0345 31.7663 3
44.9932 34.0740 3
31.8564 24.2115 3
33.8716 20.3828 3
37.8010 32.8330 3
44.9106 32.0653 3
32.9585 20.9659 3
39.8698 35.4606 3
32.4830 24.5706 3
34.3914 24.7425 3
32.2158 27.2888 3
33.9806 23.9435 3
31.6716 24.9259 3
30.9912 26.3835 3
29.1532 26.1712 3
34.5659 31.4234 3
32.0850 24.3203 3
29.5697 22.2931 3
37.2993 32.2944 3
43.1930 33.1519 3
32.7635 19.9185 3
34.8250 28.1932 3
38.8604 33.3981 3
38.7446 29.4645 3
34.6997 30.7053 3
33.1673 26.3599 3
42.6440 32.8157 3
32.0249 30.8411 3
36.9150 29.0172 3
43.2120 33.7204 3
30.7727 22.5245 3
41.3495 33.1542 3
37.8860 31.1804 3
41.6908 32.9023 3
34.9462 27.4960 3
32.1438 21.2115 3
45.5109 32.4336 3
31.4100 24.5164 3
37.1613 33.8238 3
32.1101 23.9841 3
36.0902 21.0386 3
35.6488 30.7143 3
42.8335 36.3440 3
36.7857 29.5558 3
35.2178 31.6689 3
42.6364 32.0681 3
34.6105 31.9226 3
36.8101 26.5444 3
34.2603 29.1647 3
33.2216 24.7097 3
42.1848 34.5381 3
31.7488 22.1080 3
41.8558 34.9943 3
38.8234 32.0961 3
44.8461 33.9065 3
43.0482 35.0793 3
40.2424 32.9128 3
32.3580 25.0239 3
37.6657 30.3067 3
36.3100 28.7237 3
31.7207 27.5882 3
43.0329 34.8877 3
35.1104 32.2843 3
32.5995 29.7918 3
33.4004 22.2610 3
42.7013 32.8856 3
36.3181 28.8784 3
33.3997 24.2228 3
34.4212 29.8483 3
34.1711 30.8857 3
41.7117 34.4691 3
43.7755 31.3791 3
43.0743 34.0228 3
33.9467 25.5782 3
42.7769 33.2128 3
32.4373 26.5197 3
44.8764 33.4218 3
32.1375 21.2749 3
37.6052 29.2786 3
34.1547 27.9137 3
43.0132 34.7863 3
33.2070 28.7533 3
33.9012 28.9832 3
42.5472 31.1307 3
31.6681 21.9140 3
33.8549 30.3931 3
36.5978 27.7419 3
39.1952 32.0146 3
41.8300 32.2080 3
35.6076 30.6365 3
34.0843 25.8949 3
31.0433 25.0326 3
33.1312 22.5396 3
32.6217 24.7326 3
30.0719 24.5483 3
35.7726 30.5867 3
33.2919 30.8704 3
39.2070 32.8848 3
41.5002 33.2381 3
34.8080 29.6610 3
33.3303 30.5933 3
29.6212 24.2768 3
33.5436 22.0232 3
34.1655 31.6048 3
36.5309 29.9129 3
39.3419 31.3072 3
43.0725 31.9266 3
31.6752 24.1228 3
41.5912 32.9290 3
30.6513 25.5998 3
32.9366 25.3718 3
38.4941 30.9239 3
33.7009 25.7033 3
34.3737 27.7826 3
45.9381 35.1948 3
32.2495 22.4632 3
32.1146 22.6460 3
39.6831 30.9993 3
38.1244 33.4282 3
34.1048 27.9954 3
40.5391 33.5120 3
31.6241 25.9566 3
44.2712 32.9531 3
31.8372 20.8610 3
34.3656 31.3074 3
35.5666 32.1894 3
41.0325 33.9742 3
33.9666 26.3057 3
33.7200 28.1143 3
33.7335 30.7064 3
33.6567 32.9793 3
42.2317 33.7141 3
35.3050 23.1343 3
38.5477 31.4433 3
33.9640 18.0208 3
33.0887 27.0794 3
36.8674 36.4109 3
40.8378 31.8396 3
32.6606 26.4920 3
31.0185 24.0255 3
37.4763 30.6315 3
42.4299 33.5192 3
40.3668 31.3747 3
34.8270 29.6929 3
32.5881 22.9123 3
32.1143 30.5540 3
40.8739 34.7961 3
37.1753 32.3459 3
31.5438 23.5029 3
32.9255 24.9156 3
35.5250 25.4381 3
33.6606 24.9670 3
31.6936 31.4043 3
36.6171 32.6952 3
38.5072 31.7873 3
30.9377 19.9582 3
34.3787 28.1224 3
40.4591 35.3396 3
40.7599 33.5211 3
43.9672 34.9814 3
39.7203 33.1780 3
46.0474 33.6011 3
33.8938 25.7165 3
34.1645 27.0870 3
32.4949 27.0113 3
41.8549 35.7267 3
39.5559 34.6803 3
45.6199 33.8656 3
33.2242 28.3341 3
33.5542 30.5912 3
39.3260 31.2572 3
34.9525 30.4857 3
34.3843 24.2079 3
31.0194 23.4369 3
30.8372 23.2299 3
34.0356 26.2589 3
38.4928 31.4387 3
41.0694 35.6053 3
34.2476 20.8956 3
32.3132 22.5486 3
40.4504 34.0274 3
34.2306 23.3880 3
31.2366 21.6687 3
35.2967 25.3305 3
32.4525 27.5375 3
33.2443 26.6818 3
45.8448 33.6629 3
36.0504 30.1562 3
34.9504 27.1550 3
35.5579 24.7814 3
44.5000 32.8525 3
39.2946 31.0855 3
30.9534 22.6820 3
43.9157 35.0606 3
35.5285 33.0805 3
32.9538 24.1409 3
34.0518 32.6009 3
32.4887 27.1837 3
35.8650 28.5314 3
31.9849 26.0745 3
37.5557 34.6574 3
41.3333 32.2323 3
34.8744 31.5446 3
30.8448 24.0841 3
35.1352 28.8262 3
35.5023 31.0909 3
39.5390 31.3927 3
39.2646 33.7481 3
34.3732 25.6020 3
43.8917 36.0184 3
44.0191 33.4167 3
37.4287 34.2321 3
35.3752 27.5625 3
43.6690 32.8397 3
43.0658 34.1381 3
34.1885 30.4251 3
32.6994 19.1310 3
33.4660 31.6081 3
43.0435 33.4522 3
42.3772 36.1825 3
37.1746 33.5719 3
48.9192 32.9694 3
39.5162 33.9951 3
41.6682 33.2487 3
32.0032 23.8049 3
34.0354 23.1562 3
33.3051 27.6905 3
43.4860 33.3018 3
30.9130 22.7740 3
33.8517 19.7072 3
35.7819 32.9157 3
29.5721 24.1355 3
33.8771 32.8498 3
42.0694 34.0754 3
36.1668 30.8231 3
30.6312 25.5879 3
34.6405 29.7624 3
33.8110 31.2100 3
34.1101 22.6046 3
30.6939 20.4666 3
37.9631 30.7876 3
36.0478 29.5699 3
34.8743 28.9892 3
37.8818 32.3562 3
36.1579 30.6213 3
42.7016 32.9376 3
42.9372 33.4565 3
33.7869 20.7945 3
35.9516 30.2279 3
34.5999 30.9686 3
35.5883 31.9549 3
32.9497 26.1581 3
36.9374 31.0171 3
34.9091 30.4071 3
33.6628 26.2974 3
34.6158 28.5355 3
34.4356 26.2585 3
42.3309 33.7938 3
40.1034 32.2957 3
40.3832 32.0955 3
33.3927 24.9918 3
33.0735 22.0927 3
36.9980 31.5568 3
32.2590 22.1178 3
33.7710 25.7297 3
35.7483 34.2784 3
35.2818 33.2479 3
36.4246 30.3411 3
32.9934 26.5171 3
29.3872 27.9799 3
34.9613 21.3390 3
45.7380 34.5074 3
35.3489 22.3962 3
32.9019 25.9862 3
32.7151 23.8756 3
35.9124 30.6965 3
33.6882 24.9203 3
38.0940 32.4712 3
35.8473 32.8739 3
34.2380 22.8666 3
42.9269 33.6130 3
39.0737 36.2768 3
31.0908 20.1864 3
37.5569 32.4801 3
43.9289 34.2101 3
44.7241 33.2455 3
32.9187 24.6718 3
42.4228 35.8991 3
36.4758 31.8488 3
34.7875 22.0919 3
36.5003 29.3490 3
42.6031 33.2566 3
31.7108 27.7016 3
40.2406 33.1705 3
35.7159 31.0493 3
43.1065 34.3958 3
35.2828 31.1935 3
34.1004 21.3529 3
33.7606 23.4697 3
33.9690 31.6470 3
44.1283 34.0007 3
42.5734 36.6079 3
33.9084 29.5943 3
31.4184 26.9544 3
32.4861 23.6719 3
37.9291 30.2651 3
43.1095 33.8620 3
39.0098 32.4013 3
31.2574 25.6908 3
43.1866 33.8923 3
33.6854 27.0139 3
